"k" <-
8
"n" <-
10
